id,room
0,1
1,2
2,3
3,4
4,5
5,6
6,7
7,8
8,2
9,9
10,10
11,11
12,12
13,13
14,14
15,15
16,16
17,17
18,18
19,19
20,20
21,21
22,22
23,23
24,24
25,25
26,26
27,27
28,28
29,29
30,30
31,31
32,32
33,33
34,34
35,35
36,36
37,37
38,38
39,39
40,40
41,41
42,42
43,43
44,44
45,45
46,46
47,47
48,48
49,49
50,50
51,51
52,52
53,53
54,54
55,55
56,56
57,57
58,58
59,59
60,60
61,61
62,62
63,63
64,58
65,64
66,2
67,65
68,66
69,67
70,68
71,69
72,70
73,71
74,72
75,73
76,74
77,58
78,75
79,76
80,66
81,77
82,78
83,79
84,80
85,81
86,82
87,77
88,56
89,83
90,84
91,85
92,54
93,86
94,87
95,71
96,84
97,88
98,56
99,89
100,90
101,91
102,92
103,28
104,93
105,94
106,52
107,95
108,88
109,88
110,60
111,42
112,52
113,96
114,91
115,97
116,71
117,20
118,98
119,49
120,44
121,99
122,100
123,87
124,97
125,91
126,45
127,101
128,94
129,44
130,101
131,43
132,7
133,43
134,68
135,73
136,102
137,41
138,75
139,75
140,77
141,100
142,103
143,20
144,87
145,99
146,73
147,54
148,41
149,49
150,40
151,81
152,40
153,99
154,68
155,98
156,98
157,104
158,86
159,81
160,94
161,105
162,14
163,92
164,65
165,39
166,103
167,64
168,86
169,39
170,89
171,106
172,89
173,42
174,32
175,32
176,76
177,47
178,76
179,90
180,90
181,64
182,92
183,11
184,103
185,29
186,107
187,50
188,29
189,85
190,85
191,66
192,93
193,24
194,24
195,83
196,51
197,59
198,106
199,53
200,104
201,101
202,22
203,22
204,53
205,57
206,108
207,102
208,65
209,51
210,83
211,18
212,34
213,11
214,93
215,46
216,47
217,82
218,107
219,82
220,18
221,108
222,63
223,69
224,79
225,59
226,13
227,46
228,13
229,34
230,79
231,74
232,63
233,74
234,70
235,84
236,4
237,10
238,33
239,105
240,33
241,36
242,36
243,60
244,105
245,72
246,10
247,97
248,50
249,38
250,102
251,72
252,23
253,96
254,69
255,96
256,67
257,37
258,57
259,14
260,67
261,17
262,107
263,37
264,95
265,78
266,4
267,38
268,30
269,9
270,8
271,8
272,55
273,61
274,6
275,61
276,17
277,55
278,12
279,31
280,45
281,95
282,104
283,106
284,35
285,27
286,26
287,70
288,35
289,7
290,27
291,80
292,26
293,23
294,78
295,21
296,6
297,15
298,1
299,31
300,19
301,80
302,62
303,62
304,5
305,28
306,16
307,25
308,5
309,100
310,48
311,19
312,9
313,15
314,21
315,12
316,25
317,30
318,16
319,3
320,1
321,48
322,3
